2745677
2744675
2814127
2756507
2863240
2759661
2743949
2948825
2930646
2817537
2747364
2930030
2756161
2758177
2921242
2750523
2823799
2759706
2754454
2953416
2750053
2823590
2745297
2878840
2755272
2910278
2857943
2743608
2951654
2959223
2751285
3013681
2809346
2887835
2751582
2874225
2856883
2759016
2956710
2995150
2756767
2750884
2747599
2757874
2930509
2755584
2756987
2747373
2748076
2935042
2745088
2744514
2847690
2920329
2756429
2756059
2814632
2903175
2745467
2896736
2757345
2746932
2803073
2911240
2745321
6941548
2919625
2911520
2867543
2896817
2877648
2754681
2913366
2755599
2747596
2828050
2945474
2872079
2960316
2756539
2917544
2798023
2744324
2744991
2748591
2800461
2926120
2748185
2842884
2749756
2831708
2759407
2800220
2955224
2745774
2801922
2748178
2753010
2749182
2799226
2749668
2790869
2902533
2810878
2953464
2788499
2757347
2849548
2946478
2745301
2891832
2836282
2946366
2748392
2909240
2748371
2756232
2745634
2846843
6929992
2801226
2756039
2876865
2787416
2807218
2747891
2891258
2881889
2810833
2743856
2759113
2915613
2808720
2830637
2930449
2885760
2749723
2960596
2749812
2784189
2755476
2746005
2754848
2806142
2790697
2751773
2950344
2929247
2753587
2893438
2743477
2793508
2833079
3272941
2898603
2953339
2746804
2960634
2817576
2886946
2745311
2949186
2749234
2883754
2754635
2759178
2751771
2759426
2939167
2791814
2953522
2749811
2750065
2805385
2745739
2753106
2820087
2743997
2929134
2751651
2757850
2758007
3007477
2940938
2746331
2758012
2924206
2875417
2930182
2759145
2925550
2751687
2971041
2786420
3272460
2760123
2921528
2917412
2866280
2745726
2756559
2800063
2871983
2811644
2894003
2784821
2800481
2752264
2826304
2833170
2951111
2938389
2751547
2748172
2941694
2858738
2875107
2881695
2817873
2847645
2754447
2899538
2955471
2947421
2920834
3207384
2788765
2801150
2798573
2750896
2759821
7290401
2758587
2853924
2904886
2911051
2759621
2744257
2789162
2754073
2745641
2744042
2745096
2861733
2972811
2885672
2756295
2754408
2864054
2744483
2743493
2906595
2953436
2758547
2747930
2814005
2938913
2857900
2786344
2890425
2800448
2824655
2758104
2803010
3013627
2759875
2746504
2832023
3013701
2881279
2795912
2759915
2898364
2875376
2746839
2747021
2828105
2747584
2790101
2821164
2842131
2875626
2746420
2863840
2909313
2800438
3021605
2924625
2873891
2747227
3337504
2798301
2925533
2744549
2749780
2791744
2950978
2862104
2906121
2878673
